,city,loc_key,snapshot_dt,cal_day,cal_month,forecast_high,forecast_low,last_year_high,last_year_low,hist_avg_high,hist_avg_low,forecast_hist_diff_h,forecast_last_year_diff_h,last_year_hist_diff_h,forecast_hist_diff_l,forecast_last_year_diff_l,last_year_hist_diff_l,cal_date,n
0,jeddah,299429,2020-11-04 01:17:39.829,4,11,34,26,34,25,34,22,0,0,0,4,1,3,2020-11-04 00:00:00.000,0
1,jeddah,299429,2020-11-04 01:17:39.829,5,11,34,25,35,25,34,22,0,-1,1,3,0,3,2020-11-05 00:00:00.000,1
2,jeddah,299429,2020-11-04 01:17:39.829,6,11,33,26,33,25,34,22,-1,0,-1,4,1,3,2020-11-06 00:00:00.000,2
3,jeddah,299429,2020-11-04 01:17:39.829,7,11,33,26,34,26,34,22,-1,-1,0,4,0,4,2020-11-07 00:00:00.000,3
4,jeddah,299429,2020-11-04 01:17:39.829,8,11,33,26,35,26,34,22,-1,-2,1,4,0,4,2020-11-08 00:00:00.000,4
5,jeddah,299429,2020-11-04 01:17:39.829,9,11,34,27,34,26,33,22,1,0,1,5,1,4,2020-11-09 00:00:00.000,5
6,jeddah,299429,2020-11-04 01:17:39.829,10,11,35,28,35,26,33,22,2,0,2,6,2,4,2020-11-10 00:00:00.000,6
7,jeddah,299429,2020-11-04 01:17:39.829,11,11,36,27,35,26,33,22,3,1,2,5,1,4,2020-11-11 00:00:00.000,7
8,jeddah,299429,2020-11-04 01:17:39.829,12,11,36,28,34,26,33,22,3,2,1,6,2,4,2020-11-12 00:00:00.000,8
9,jeddah,299429,2020-11-04 01:17:39.829,13,11,36,28,34,26,33,22,3,2,1,6,2,4,2020-11-13 00:00:00.000,9
10,jeddah,299429,2020-11-04 01:17:39.829,14,11,35,27,33,26,33,22,2,2,0,5,1,4,2020-11-14 00:00:00.000,10
11,jeddah,299429,2020-11-04 01:17:39.829,15,11,34,27,33,26,33,22,1,1,0,5,1,4,2020-11-15 00:00:00.000,11
12,jeddah,299429,2020-11-04 01:17:39.829,16,11,35,27,32,25,33,22,2,3,-1,5,2,3,2020-11-16 00:00:00.000,12
13,jeddah,299429,2020-11-04 01:17:39.829,17,11,31,23,32,25,33,22,-2,-1,-1,1,-2,3,2020-11-17 00:00:00.000,13
14,jeddah,299429,2020-11-04 01:17:39.829,18,11,31,24,33,25,33,22,-2,-2,0,2,-1,3,2020-11-18 00:00:00.000,14
15,jeddah,299429,2020-11-04 01:17:39.829,19,11,31,22,33,26,33,22,-2,-2,0,0,-4,4,2020-11-19 00:00:00.000,15
16,jeddah,299429,2020-11-04 01:17:39.829,20,11,31,23,34,26,33,22,-2,-3,1,1,-3,4,2020-11-20 00:00:00.000,16
17,jeddah,299429,2020-11-04 01:17:39.829,21,11,31,23,34,25,32,21,-1,-3,2,2,-2,4,2020-11-21 00:00:00.000,17
18,jeddah,299429,2020-11-04 01:17:39.829,22,11,32,24,33,24,32,21,0,-1,1,3,0,3,2020-11-22 00:00:00.000,18
19,jeddah,299429,2020-11-04 01:17:39.829,23,11,31,24,31,26,32,21,-1,0,-1,3,-2,5,2020-11-23 00:00:00.000,19
20,jeddah,299429,2020-11-04 01:17:39.829,24,11,31,23,30,24,32,21,-1,1,-2,2,-1,3,2020-11-24 00:00:00.000,20
21,jeddah,299429,2020-11-04 01:17:39.829,25,11,29,21,31,23,32,21,-3,-2,-1,0,-2,2,2020-11-25 00:00:00.000,21
22,jeddah,299429,2020-11-04 01:17:39.829,26,11,29,21,35,22,32,21,-3,-6,3,0,-1,1,2020-11-26 00:00:00.000,22
23,jeddah,299429,2020-11-04 01:17:39.829,27,11,29,22,33,24,32,21,-3,-4,1,1,-2,3,2020-11-27 00:00:00.000,23
24,jeddah,299429,2020-11-04 01:17:39.829,28,11,29,22,33,25,32,21,-3,-4,1,1,-3,4,2020-11-28 00:00:00.000,24
25,jeddah,299429,2020-11-04 01:17:39.829,29,11,30,23,33,25,32,21,-2,-3,1,2,-2,4,2020-11-29 00:00:00.000,25
26,jeddah,299429,2020-11-04 01:17:39.829,30,11,29,23,31,25,32,21,-3,-2,-1,2,-2,4,2020-11-30 00:00:00.000,26
27,jeddah,299429,2020-11-04 01:17:39.829,1,12,29,23,32,24,32,20,-3,-3,0,3,-1,4,2020-12-01 00:00:00.000,27
28,jeddah,299429,2020-11-04 01:17:39.829,2,12,30,22,30,24,31,20,-1,0,-1,2,-2,4,2020-12-02 00:00:00.000,28
29,jeddah,299429,2020-11-04 01:17:39.829,3,12,31,21,32,23,31,20,0,-1,1,1,-2,3,2020-12-03 00:00:00.000,29
30,jeddah,299429,2020-11-04 01:17:39.829,4,12,31,20,30,23,31,20,0,1,-1,0,-3,3,2020-12-04 00:00:00.000,30
31,jeddah,299429,2020-11-04 01:17:39.829,5,12,31,20,31,25,31,20,0,0,0,0,-5,5,2020-12-05 00:00:00.000,31
32,jeddah,299429,2020-11-04 01:17:39.829,6,12,30,20,31,24,31,20,-1,-1,0,0,-4,4,2020-12-06 00:00:00.000,32
33,jeddah,299429,2020-11-04 01:17:39.829,7,12,31,21,30,21,31,20,0,1,-1,1,0,1,2020-12-07 00:00:00.000,33
34,jeddah,299429,2020-11-04 01:17:39.829,8,12,31,21,29,20,31,20,0,2,-2,1,1,0,2020-12-08 00:00:00.000,34
35,jeddah,299429,2020-11-04 01:17:39.829,9,12,31,21,28,21,31,20,0,3,-3,1,0,1,2020-12-09 00:00:00.000,35
36,jeddah,299429,2020-11-04 01:17:39.829,10,12,31,21,31,21,31,20,0,0,0,1,0,1,2020-12-10 00:00:00.000,36
37,jeddah,299429,2020-11-04 01:17:39.829,11,12,30,20,32,22,31,20,-1,-2,1,0,-2,2,2020-12-11 00:00:00.000,37
38,jeddah,299429,2020-11-04 01:17:39.829,12,12,29,20,32,24,30,19,-1,-3,2,1,-4,5,2020-12-12 00:00:00.000,38
39,jeddah,299429,2020-11-04 01:17:39.829,13,12,30,21,30,24,30,19,0,0,0,2,-3,5,2020-12-13 00:00:00.000,39
40,jeddah,299429,2020-11-04 01:17:39.829,14,12,29,19,29,23,30,19,-1,0,-1,0,-4,4,2020-12-14 00:00:00.000,40
41,jeddah,299429,2020-11-04 01:17:39.829,15,12,29,19,28,23,30,19,-1,1,-2,0,-4,4,2020-12-15 00:00:00.000,41
42,jeddah,299429,2020-11-04 01:17:39.829,16,12,29,19,27,20,30,19,-1,2,-3,0,-1,1,2020-12-16 00:00:00.000,42
43,jeddah,299429,2020-11-04 01:17:39.829,17,12,29,19,29,18,30,19,-1,0,-1,0,1,-1,2020-12-17 00:00:00.000,43
44,jeddah,299429,2020-11-04 01:17:39.829,18,12,29,22,31,23,30,19,-1,-2,1,3,-1,4,2020-12-18 00:00:00.000,44
45,jeddah,299429,2020-11-04 01:17:39.829,19,12,29,22,32,24,30,19,-1,-3,2,3,-2,5,2020-12-19 00:00:00.000,45
46,jeddah,299429,2020-11-04 01:17:39.829,20,12,29,22,33,24,30,19,-1,-4,3,3,-2,5,2020-12-20 00:00:00.000,46
47,jeddah,299429,2020-11-04 01:17:39.829,21,12,28,22,33,25,30,19,-2,-5,3,3,-3,6,2020-12-21 00:00:00.000,47
48,jeddah,299429,2020-11-04 01:17:39.829,22,12,30,22,31,23,30,19,0,-1,1,3,-1,4,2020-12-22 00:00:00.000,48
49,jeddah,299429,2020-11-04 01:17:39.829,23,12,30,22,30,23,30,19,0,0,0,3,-1,4,2020-12-23 00:00:00.000,49
50,jeddah,299429,2020-11-04 01:17:39.829,24,12,30,22,29,21,30,19,0,1,-1,3,1,2,2020-12-24 00:00:00.000,50
51,jeddah,299429,2020-11-04 01:17:39.829,25,12,31,23,31,21,30,19,1,0,1,4,2,2,2020-12-25 00:00:00.000,51
52,jeddah,299429,2020-11-04 01:17:39.829,26,12,30,22,27,18,30,19,0,3,-3,3,4,-1,2020-12-26 00:00:00.000,52
53,jeddah,299429,2020-11-04 01:17:39.829,27,12,29,22,26,18,30,19,-1,3,-4,3,4,-1,2020-12-27 00:00:00.000,53
54,jeddah,299429,2020-11-04 01:17:39.829,28,12,29,22,26,19,30,19,-1,3,-4,3,3,0,2020-12-28 00:00:00.000,54
55,jeddah,299429,2020-11-04 01:17:39.829,29,12,30,23,27,18,30,19,0,3,-3,4,5,-1,2020-12-29 00:00:00.000,55
56,jeddah,299429,2020-11-04 01:17:39.829,30,12,30,23,27,20,30,19,0,3,-3,4,3,1,2020-12-30 00:00:00.000,56
57,jeddah,299429,2020-11-04 01:17:39.829,31,12,30,22,27,20,30,19,0,3,-3,3,2,1,2020-12-31 00:00:00.000,57
58,jeddah,299429,2020-11-04 01:17:39.829,1,1,31,24,27,20,30,19,1,4,-3,5,4,1,2021-01-01 00:00:00.000,58
59,jeddah,299429,2020-11-04 01:17:39.829,2,1,31,23,28,20,30,19,1,3,-2,4,3,1,2021-01-02 00:00:00.000,59
60,jeddah,299429,2020-11-04 01:17:39.829,3,1,31,23,28,22,29,19,2,3,-1,4,1,3,2021-01-03 00:00:00.000,60
61,jeddah,299429,2020-11-04 01:17:39.829,4,1,31,23,25,21,29,19,2,6,-4,4,2,2,2021-01-04 00:00:00.000,61
62,jeddah,299429,2020-11-04 01:17:39.829,5,1,30,23,24,18,29,19,1,6,-5,4,5,-1,2021-01-05 00:00:00.000,62
63,jeddah,299429,2020-11-04 01:17:39.829,6,1,30,23,26,16,29,19,1,4,-3,4,7,-3,2021-01-06 00:00:00.000,63
64,jeddah,299429,2020-11-04 01:17:39.829,7,1,30,23,27,16,29,19,1,3,-2,4,7,-3,2021-01-07 00:00:00.000,64
65,jeddah,299429,2020-11-04 01:17:39.829,8,1,31,22,25,18,29,19,2,6,-4,3,4,-1,2021-01-08 00:00:00.000,65
66,jeddah,299429,2020-11-04 01:17:39.829,9,1,30,21,24,16,29,19,1,6,-5,2,5,-3,2021-01-09 00:00:00.000,66
67,jeddah,299429,2020-11-04 01:17:39.829,10,1,30,21,23,16,29,19,1,7,-6,2,5,-3,2021-01-10 00:00:00.000,67
68,jeddah,299429,2020-11-04 01:17:39.829,11,1,30,22,24,16,29,19,1,6,-5,3,6,-3,2021-01-11 00:00:00.000,68
69,jeddah,299429,2020-11-04 01:17:39.829,12,1,31,21,27,15,29,19,2,4,-2,2,6,-4,2021-01-12 00:00:00.000,69
70,jeddah,299429,2020-11-04 01:17:39.829,13,1,30,22,27,15,29,19,1,3,-2,3,7,-4,2021-01-13 00:00:00.000,70
71,jeddah,299429,2020-11-04 01:17:39.829,14,1,30,22,30,16,29,19,1,0,1,3,6,-3,2021-01-14 00:00:00.000,71
72,jeddah,299429,2020-11-04 01:17:39.829,15,1,30,23,31,20,29,19,1,-1,2,4,3,1,2021-01-15 00:00:00.000,72
73,jeddah,299429,2020-11-04 01:17:39.829,16,1,30,21,31,19,29,19,1,-1,2,2,2,0,2021-01-16 00:00:00.000,73
74,jeddah,299429,2020-11-04 01:17:39.829,17,1,30,23,31,24,29,19,1,-1,2,4,-1,5,2021-01-17 00:00:00.000,74
75,jeddah,299429,2020-11-04 01:17:39.829,18,1,29,23,26,20,29,19,0,3,-3,4,3,1,2021-01-18 00:00:00.000,75
76,jeddah,299429,2020-11-04 01:17:39.829,19,1,31,23,26,19,29,19,2,5,-3,4,4,0,2021-01-19 00:00:00.000,76
77,jeddah,299429,2020-11-04 01:17:39.829,20,1,31,23,26,18,29,19,2,5,-3,4,5,-1,2021-01-20 00:00:00.000,77
78,jeddah,299429,2020-11-04 01:17:39.829,21,1,31,22,25,19,29,19,2,6,-4,3,3,0,2021-01-21 00:00:00.000,78
79,jeddah,299429,2020-11-04 01:17:39.829,22,1,31,22,24,17,29,19,2,7,-5,3,5,-2,2021-01-22 00:00:00.000,79
80,jeddah,299429,2020-11-04 01:17:39.829,23,1,31,22,25,15,29,19,2,6,-4,3,7,-4,2021-01-23 00:00:00.000,80
81,jeddah,299429,2020-11-04 01:17:39.829,24,1,30,21,25,16,29,19,1,5,-4,2,5,-3,2021-01-24 00:00:00.000,81
82,jeddah,299429,2020-11-04 01:17:39.829,25,1,29,21,24,17,29,19,0,5,-5,2,4,-2,2021-01-25 00:00:00.000,82
83,jeddah,299429,2020-11-04 01:17:39.829,26,1,30,22,28,17,29,19,1,2,-1,3,5,-2,2021-01-26 00:00:00.000,83
84,jeddah,299429,2020-11-04 01:17:39.829,27,1,30,21,32,15,29,19,1,-2,3,2,6,-4,2021-01-27 00:00:00.000,84
85,jeddah,299429,2020-11-04 01:17:39.829,28,1,30,21,29,17,29,19,1,1,0,2,4,-2,2021-01-28 00:00:00.000,85
86,jeddah,299429,2020-11-04 01:17:39.829,29,1,30,20,28,20,29,19,1,2,-1,1,0,1,2021-01-29 00:00:00.000,86
87,jeddah,299429,2020-11-04 01:17:39.829,30,1,28,21,31,19,29,19,-1,-3,2,2,2,0,2021-01-30 00:00:00.000,87
88,jeddah,299429,2020-11-04 01:17:39.829,31,1,29,21,26,21,29,19,0,3,-3,2,0,2,2021-01-31 00:00:00.000,88
89,jeddah,299429,2020-11-04 01:17:39.829,1,2,30,21,26,19,29,19,1,4,-3,2,2,0,2021-02-01 00:00:00.000,89
90,jeddah,299429,2020-11-04 01:17:39.829,2,2,30,21,28,17,29,18,1,2,-1,3,4,-1,2021-02-02 00:00:00.000,90
91,mecca,299427,2020-11-04 01:17:39.829,4,11,35,24,36,22,37,24,-2,-1,-1,0,2,-2,2020-11-04 00:00:00.000,0
92,mecca,299427,2020-11-04 01:17:39.829,5,11,35,24,37,22,37,24,-2,-2,0,0,2,-2,2020-11-05 00:00:00.000,1
93,mecca,299427,2020-11-04 01:17:39.829,6,11,35,24,36,22,37,24,-2,-1,-1,0,2,-2,2020-11-06 00:00:00.000,2
94,mecca,299427,2020-11-04 01:17:39.829,7,11,34,24,35,22,37,23,-3,-1,-2,1,2,-1,2020-11-07 00:00:00.000,3
95,mecca,299427,2020-11-04 01:17:39.829,8,11,35,25,35,23,37,23,-2,0,-2,2,2,0,2020-11-08 00:00:00.000,4
96,mecca,299427,2020-11-04 01:17:39.829,9,11,35,25,34,22,36,23,-1,1,-2,2,3,-1,2020-11-09 00:00:00.000,5
97,mecca,299427,2020-11-04 01:17:39.829,10,11,36,25,35,22,36,23,0,1,-1,2,3,-1,2020-11-10 00:00:00.000,6
98,mecca,299427,2020-11-04 01:17:39.829,11,11,36,25,35,23,36,23,0,1,-1,2,2,0,2020-11-11 00:00:00.000,7
99,mecca,299427,2020-11-04 01:17:39.829,12,11,37,26,34,22,36,23,1,3,-2,3,4,-1,2020-11-12 00:00:00.000,8
100,mecca,299427,2020-11-04 01:17:39.829,13,11,39,26,35,22,36,23,3,4,-1,3,4,-1,2020-11-13 00:00:00.000,9
101,mecca,299427,2020-11-04 01:17:39.829,14,11,39,25,34,21,36,23,3,5,-2,2,4,-2,2020-11-14 00:00:00.000,10
102,mecca,299427,2020-11-04 01:17:39.829,15,11,37,24,34,21,35,23,2,3,-1,1,3,-2,2020-11-15 00:00:00.000,11
103,mecca,299427,2020-11-04 01:17:39.829,16,11,37,25,34,23,35,23,2,3,-1,2,2,0,2020-11-16 00:00:00.000,12
104,mecca,299427,2020-11-04 01:17:39.829,17,11,32,17,31,22,35,23,-3,1,-4,-6,-5,-1,2020-11-17 00:00:00.000,13
105,mecca,299427,2020-11-04 01:17:39.829,18,11,32,18,32,22,35,22,-3,0,-3,-4,-4,0,2020-11-18 00:00:00.000,14
106,mecca,299427,2020-11-04 01:17:39.829,19,11,32,17,32,22,35,22,-3,0,-3,-5,-5,0,2020-11-19 00:00:00.000,15
107,mecca,299427,2020-11-04 01:17:39.829,20,11,33,18,33,22,35,22,-2,0,-2,-4,-4,0,2020-11-20 00:00:00.000,16
108,mecca,299427,2020-11-04 01:17:39.829,21,11,32,18,35,19,35,22,-3,-3,0,-4,-1,-3,2020-11-21 00:00:00.000,17
109,mecca,299427,2020-11-04 01:17:39.829,22,11,33,18,29,19,34,22,-1,4,-5,-4,-1,-3,2020-11-22 00:00:00.000,18
110,mecca,299427,2020-11-04 01:17:39.829,23,11,32,19,31,20,34,22,-2,1,-3,-3,-1,-2,2020-11-23 00:00:00.000,19
111,mecca,299427,2020-11-04 01:17:39.829,24,11,32,18,30,19,34,22,-2,2,-4,-4,-1,-3,2020-11-24 00:00:00.000,20
112,mecca,299427,2020-11-04 01:17:39.829,25,11,30,17,33,20,34,22,-4,-3,-1,-5,-3,-2,2020-11-25 00:00:00.000,21
113,mecca,299427,2020-11-04 01:17:39.829,26,11,30,16,34,19,34,22,-4,-4,0,-6,-3,-3,2020-11-26 00:00:00.000,22
114,mecca,299427,2020-11-04 01:17:39.829,27,11,31,16,32,20,34,22,-3,-1,-2,-6,-4,-2,2020-11-27 00:00:00.000,23
115,mecca,299427,2020-11-04 01:17:39.829,28,11,30,17,32,22,34,21,-4,-2,-2,-4,-5,1,2020-11-28 00:00:00.000,24
116,mecca,299427,2020-11-04 01:17:39.829,29,11,30,18,34,21,33,21,-3,-4,1,-3,-3,0,2020-11-29 00:00:00.000,25
117,mecca,299427,2020-11-04 01:17:39.829,30,11,31,19,32,22,33,21,-2,-1,-1,-2,-3,1,2020-11-30 00:00:00.000,26
118,mecca,299427,2020-11-04 01:17:39.829,1,12,30,18,31,22,33,21,-3,-1,-2,-3,-4,1,2020-12-01 00:00:00.000,27
119,mecca,299427,2020-11-04 01:17:39.829,2,12,31,16,31,21,33,21,-2,0,-2,-5,-5,0,2020-12-02 00:00:00.000,28
120,mecca,299427,2020-11-04 01:17:39.829,3,12,32,16,31,20,33,21,-1,1,-2,-5,-4,-1,2020-12-03 00:00:00.000,29
121,mecca,299427,2020-11-04 01:17:39.829,4,12,32,15,33,19,33,21,-1,-1,0,-6,-4,-2,2020-12-04 00:00:00.000,30
122,mecca,299427,2020-11-04 01:17:39.829,5,12,31,15,31,21,33,21,-2,0,-2,-6,-6,0,2020-12-05 00:00:00.000,31
123,mecca,299427,2020-11-04 01:17:39.829,6,12,31,15,31,19,33,21,-2,0,-2,-6,-4,-2,2020-12-06 00:00:00.000,32
124,mecca,299427,2020-11-04 01:17:39.829,7,12,32,15,30,20,33,21,-1,2,-3,-6,-5,-1,2020-12-07 00:00:00.000,33
125,mecca,299427,2020-11-04 01:17:39.829,8,12,32,16,30,18,32,21,0,2,-2,-5,-2,-3,2020-12-08 00:00:00.000,34
126,mecca,299427,2020-11-04 01:17:39.829,9,12,31,16,31,19,32,20,-1,0,-1,-4,-3,-1,2020-12-09 00:00:00.000,35
127,mecca,299427,2020-11-04 01:17:39.829,10,12,31,16,31,18,32,20,-1,0,-1,-4,-2,-2,2020-12-10 00:00:00.000,36
128,mecca,299427,2020-11-04 01:17:39.829,11,12,31,15,32,18,32,20,-1,-1,0,-5,-3,-2,2020-12-11 00:00:00.000,37
129,mecca,299427,2020-11-04 01:17:39.829,12,12,30,15,32,20,32,20,-2,-2,0,-5,-5,0,2020-12-12 00:00:00.000,38
130,mecca,299427,2020-11-04 01:17:39.829,13,12,31,15,31,22,32,20,-1,0,-1,-5,-7,2,2020-12-13 00:00:00.000,39
131,mecca,299427,2020-11-04 01:17:39.829,14,12,30,14,31,19,32,20,-2,-1,-1,-6,-5,-1,2020-12-14 00:00:00.000,40
132,mecca,299427,2020-11-04 01:17:39.829,15,12,30,15,31,21,32,20,-2,-1,-1,-5,-6,1,2020-12-15 00:00:00.000,41
133,mecca,299427,2020-11-04 01:17:39.829,16,12,30,15,30,18,32,20,-2,0,-2,-5,-3,-2,2020-12-16 00:00:00.000,42
134,mecca,299427,2020-11-04 01:17:39.829,17,12,29,14,27,17,32,20,-3,2,-5,-6,-3,-3,2020-12-17 00:00:00.000,43
135,mecca,299427,2020-11-04 01:17:39.829,18,12,29,17,28,17,31,20,-2,1,-3,-3,0,-3,2020-12-18 00:00:00.000,44
136,mecca,299427,2020-11-04 01:17:39.829,19,12,29,17,29,17,31,20,-2,0,-2,-3,0,-3,2020-12-19 00:00:00.000,45
137,mecca,299427,2020-11-04 01:17:39.829,20,12,29,17,31,17,31,20,-2,-2,0,-3,0,-3,2020-12-20 00:00:00.000,46
138,mecca,299427,2020-11-04 01:17:39.829,21,12,29,17,30,18,31,20,-2,-1,-1,-3,-1,-2,2020-12-21 00:00:00.000,47
139,mecca,299427,2020-11-04 01:17:39.829,22,12,30,17,31,17,31,20,-1,-1,0,-3,0,-3,2020-12-22 00:00:00.000,48
140,mecca,299427,2020-11-04 01:17:39.829,23,12,31,17,30,20,31,20,0,1,-1,-3,-3,0,2020-12-23 00:00:00.000,49
141,mecca,299427,2020-11-04 01:17:39.829,24,12,31,17,29,19,31,20,0,2,-2,-3,-2,-1,2020-12-24 00:00:00.000,50
142,mecca,299427,2020-11-04 01:17:39.829,25,12,32,17,29,18,31,20,1,3,-2,-3,-1,-2,2020-12-25 00:00:00.000,51
143,mecca,299427,2020-11-04 01:17:39.829,26,12,31,17,28,17,31,19,0,3,-3,-2,0,-2,2020-12-26 00:00:00.000,52
144,mecca,299427,2020-11-04 01:17:39.829,27,12,30,17,28,16,31,19,-1,2,-3,-2,1,-3,2020-12-27 00:00:00.000,53
145,mecca,299427,2020-11-04 01:17:39.829,28,12,30,17,28,17,31,19,-1,2,-3,-2,0,-2,2020-12-28 00:00:00.000,54
146,mecca,299427,2020-11-04 01:17:39.829,29,12,31,17,28,17,31,19,0,3,-3,-2,0,-2,2020-12-29 00:00:00.000,55
147,mecca,299427,2020-11-04 01:17:39.829,30,12,30,18,28,18,31,19,-1,2,-3,-1,0,-1,2020-12-30 00:00:00.000,56
148,mecca,299427,2020-11-04 01:17:39.829,31,12,31,17,29,16,31,19,0,2,-2,-2,1,-3,2020-12-31 00:00:00.000,57
149,mecca,299427,2020-11-04 01:17:39.829,1,1,31,18,28,17,31,19,0,3,-3,-1,1,-2,2021-01-01 00:00:00.000,58
150,mecca,299427,2020-11-04 01:17:39.829,2,1,30,18,31,18,31,19,-1,-1,0,-1,0,-1,2021-01-02 00:00:00.000,59
151,mecca,299427,2020-11-04 01:17:39.829,3,1,31,17,30,20,31,19,0,1,-1,-2,-3,1,2021-01-03 00:00:00.000,60
152,mecca,299427,2020-11-04 01:17:39.829,4,1,31,17,28,18,31,19,0,3,-3,-2,-1,-1,2021-01-04 00:00:00.000,61
153,mecca,299427,2020-11-04 01:17:39.829,5,1,31,17,25,15,31,19,0,6,-6,-2,2,-4,2021-01-05 00:00:00.000,62
154,mecca,299427,2020-11-04 01:17:39.829,6,1,30,17,29,14,31,19,-1,1,-2,-2,3,-5,2021-01-06 00:00:00.000,63
155,mecca,299427,2020-11-04 01:17:39.829,7,1,31,17,29,14,31,19,0,2,-2,-2,3,-5,2021-01-07 00:00:00.000,64
156,mecca,299427,2020-11-04 01:17:39.829,8,1,31,16,27,18,31,19,0,4,-4,-3,-2,-1,2021-01-08 00:00:00.000,65
157,mecca,299427,2020-11-04 01:17:39.829,9,1,30,17,27,16,31,19,-1,3,-4,-2,1,-3,2021-01-09 00:00:00.000,66
158,mecca,299427,2020-11-04 01:17:39.829,10,1,30,16,24,15,31,19,-1,6,-7,-3,1,-4,2021-01-10 00:00:00.000,67
159,mecca,299427,2020-11-04 01:17:39.829,11,1,31,17,26,11,31,19,0,5,-5,-2,6,-8,2021-01-11 00:00:00.000,68
160,mecca,299427,2020-11-04 01:17:39.829,12,1,31,16,29,11,31,19,0,2,-2,-3,5,-8,2021-01-12 00:00:00.000,69
161,mecca,299427,2020-11-04 01:17:39.829,13,1,30,17,29,11,30,19,0,1,-1,-2,6,-8,2021-01-13 00:00:00.000,70
162,mecca,299427,2020-11-04 01:17:39.829,14,1,30,17,32,13,30,19,0,-2,2,-2,4,-6,2021-01-14 00:00:00.000,71
163,mecca,299427,2020-11-04 01:17:39.829,15,1,30,17,31,15,30,19,0,-1,1,-2,2,-4,2021-01-15 00:00:00.000,72
164,mecca,299427,2020-11-04 01:17:39.829,16,1,31,16,31,14,30,19,1,0,1,-3,2,-5,2021-01-16 00:00:00.000,73
165,mecca,299427,2020-11-04 01:17:39.829,17,1,30,17,31,19,30,19,0,-1,1,-2,-2,0,2021-01-17 00:00:00.000,74
166,mecca,299427,2020-11-04 01:17:39.829,18,1,30,17,29,18,30,19,0,1,-1,-2,-1,-1,2021-01-18 00:00:00.000,75
167,mecca,299427,2020-11-04 01:17:39.829,19,1,31,18,28,18,30,19,1,3,-2,-1,0,-1,2021-01-19 00:00:00.000,76
168,mecca,299427,2020-11-04 01:17:39.829,20,1,31,17,28,16,30,19,1,3,-2,-2,1,-3,2021-01-20 00:00:00.000,77
169,mecca,299427,2020-11-04 01:17:39.829,21,1,32,17,27,14,30,19,2,5,-3,-2,3,-5,2021-01-21 00:00:00.000,78
170,mecca,299427,2020-11-04 01:17:39.829,22,1,31,17,26,15,30,19,1,5,-4,-2,2,-4,2021-01-22 00:00:00.000,79
171,mecca,299427,2020-11-04 01:17:39.829,23,1,31,16,28,13,30,19,1,3,-2,-3,3,-6,2021-01-23 00:00:00.000,80
172,mecca,299427,2020-11-04 01:17:39.829,24,1,31,16,28,10,30,18,1,3,-2,-2,6,-8,2021-01-24 00:00:00.000,81
173,mecca,299427,2020-11-04 01:17:39.829,25,1,30,15,26,13,30,18,0,4,-4,-3,2,-5,2021-01-25 00:00:00.000,82
174,mecca,299427,2020-11-04 01:17:39.829,26,1,31,17,31,10,31,18,0,0,0,-1,7,-8,2021-01-26 00:00:00.000,83
175,mecca,299427,2020-11-04 01:17:39.829,27,1,31,15,29,12,31,18,0,2,-2,-3,3,-6,2021-01-27 00:00:00.000,84
176,mecca,299427,2020-11-04 01:17:39.829,28,1,31,16,30,13,31,18,0,1,-1,-2,3,-5,2021-01-28 00:00:00.000,85
177,mecca,299427,2020-11-04 01:17:39.829,29,1,31,15,28,18,31,18,0,3,-3,-3,-3,0,2021-01-29 00:00:00.000,86
178,mecca,299427,2020-11-04 01:17:39.829,30,1,29,16,30,17,31,18,-2,-1,-1,-2,-1,-1,2021-01-30 00:00:00.000,87
179,mecca,299427,2020-11-04 01:17:39.829,31,1,31,16,28,17,31,18,0,3,-3,-2,-1,-1,2021-01-31 00:00:00.000,88
180,mecca,299427,2020-11-04 01:17:39.829,1,2,31,16,29,18,31,18,0,2,-2,-2,-2,0,2021-02-01 00:00:00.000,89
181,mecca,299427,2020-11-04 01:17:39.829,2,2,31,16,29,17,31,18,0,2,-2,-2,-1,-1,2021-02-02 00:00:00.000,90
182,riyadh,297030,2020-11-04 01:17:39.829,4,11,32,18,34,22,31,14,1,-2,3,4,-4,8,2020-11-04 00:00:00.000,0
183,riyadh,297030,2020-11-04 01:17:39.829,5,11,33,18,33,20,31,14,2,0,2,4,-2,6,2020-11-05 00:00:00.000,1
184,riyadh,297030,2020-11-04 01:17:39.829,6,11,32,18,30,19,31,14,1,2,-1,4,-1,5,2020-11-06 00:00:00.000,2
185,riyadh,297030,2020-11-04 01:17:39.829,7,11,31,18,33,20,30,14,1,-2,3,4,-2,6,2020-11-07 00:00:00.000,3
186,riyadh,297030,2020-11-04 01:17:39.829,8,11,31,19,32,20,30,14,1,-1,2,5,-1,6,2020-11-08 00:00:00.000,4
187,riyadh,297030,2020-11-04 01:17:39.829,9,11,29,17,34,19,30,13,-1,-5,4,4,-2,6,2020-11-09 00:00:00.000,5
188,riyadh,297030,2020-11-04 01:17:39.829,10,11,32,17,30,20,30,13,2,2,0,4,-3,7,2020-11-10 00:00:00.000,6
189,riyadh,297030,2020-11-04 01:17:39.829,11,11,32,16,25,19,30,13,2,7,-5,3,-3,6,2020-11-11 00:00:00.000,7
190,riyadh,297030,2020-11-04 01:17:39.829,12,11,32,16,26,16,29,13,3,6,-3,3,0,3,2020-11-12 00:00:00.000,8
191,riyadh,297030,2020-11-04 01:17:39.829,13,11,31,17,25,15,29,13,2,6,-4,4,2,2,2020-11-13 00:00:00.000,9
192,riyadh,297030,2020-11-04 01:17:39.829,14,11,30,16,27,15,29,13,1,3,-2,3,1,2,2020-11-14 00:00:00.000,10
193,riyadh,297030,2020-11-04 01:17:39.829,15,11,30,15,22,15,29,13,1,8,-7,2,0,2,2020-11-15 00:00:00.000,11
194,riyadh,297030,2020-11-04 01:17:39.829,16,11,30,16,22,16,29,13,1,8,-7,3,0,3,2020-11-16 00:00:00.000,12
195,riyadh,297030,2020-11-04 01:17:39.829,17,11,28,16,24,14,28,13,0,4,-4,3,2,1,2020-11-17 00:00:00.000,13
196,riyadh,297030,2020-11-04 01:17:39.829,18,11,29,16,23,16,28,13,1,6,-5,3,0,3,2020-11-18 00:00:00.000,14
197,riyadh,297030,2020-11-04 01:17:39.829,19,11,29,16,19,13,28,12,1,10,-9,4,3,1,2020-11-19 00:00:00.000,15
198,riyadh,297030,2020-11-04 01:17:39.829,20,11,29,13,18,10,28,12,1,11,-10,1,3,-2,2020-11-20 00:00:00.000,16
199,riyadh,297030,2020-11-04 01:17:39.829,21,11,24,12,19,6,27,12,-3,5,-8,0,6,-6,2020-11-21 00:00:00.000,17
200,riyadh,297030,2020-11-04 01:17:39.829,22,11,27,13,19,6,27,12,0,8,-8,1,7,-6,2020-11-22 00:00:00.000,18
201,riyadh,297030,2020-11-04 01:17:39.829,23,11,28,12,21,10,27,12,1,7,-6,0,2,-2,2020-11-23 00:00:00.000,19
202,riyadh,297030,2020-11-04 01:17:39.829,24,11,27,13,22,14,27,12,0,5,-5,1,-1,2,2020-11-24 00:00:00.000,20
203,riyadh,297030,2020-11-04 01:17:39.829,25,11,27,15,23,15,26,12,1,4,-3,3,0,3,2020-11-25 00:00:00.000,21
204,riyadh,297030,2020-11-04 01:17:39.829,26,11,27,15,26,14,26,12,1,1,0,3,1,2,2020-11-26 00:00:00.000,22
205,riyadh,297030,2020-11-04 01:17:39.829,27,11,27,14,26,15,26,12,1,1,0,2,-1,3,2020-11-27 00:00:00.000,23
206,riyadh,297030,2020-11-04 01:17:39.829,28,11,24,12,26,15,26,11,-2,-2,0,1,-3,4,2020-11-28 00:00:00.000,24
207,riyadh,297030,2020-11-04 01:17:39.829,29,11,24,11,29,16,25,11,-1,-5,4,0,-5,5,2020-11-29 00:00:00.000,25
208,riyadh,297030,2020-11-04 01:17:39.829,30,11,25,12,28,15,25,11,0,-3,3,1,-3,4,2020-11-30 00:00:00.000,26
209,riyadh,297030,2020-11-04 01:17:39.829,1,12,26,13,27,15,25,11,1,-1,2,2,-2,4,2020-12-01 00:00:00.000,27
210,riyadh,297030,2020-11-04 01:17:39.829,2,12,26,13,26,14,25,11,1,0,1,2,-1,3,2020-12-02 00:00:00.000,28
211,riyadh,297030,2020-11-04 01:17:39.829,3,12,23,9,23,15,24,11,-1,0,-1,-2,-6,4,2020-12-03 00:00:00.000,29
212,riyadh,297030,2020-11-04 01:17:39.829,4,12,23,9,23,11,24,11,-1,0,-1,-2,-2,0,2020-12-04 00:00:00.000,30
213,riyadh,297030,2020-11-04 01:17:39.829,5,12,23,9,23,13,24,11,-1,0,-1,-2,-4,2,2020-12-05 00:00:00.000,31
214,riyadh,297030,2020-11-04 01:17:39.829,6,12,23,9,26,15,24,11,-1,-3,2,-2,-6,4,2020-12-06 00:00:00.000,32
215,riyadh,297030,2020-11-04 01:17:39.829,7,12,23,9,26,15,23,10,0,-3,3,-1,-6,5,2020-12-07 00:00:00.000,33
216,riyadh,297030,2020-11-04 01:17:39.829,8,12,24,9,20,13,23,10,1,4,-3,-1,-4,3,2020-12-08 00:00:00.000,34
217,riyadh,297030,2020-11-04 01:17:39.829,9,12,25,10,19,10,23,10,2,6,-4,0,0,0,2020-12-09 00:00:00.000,35
218,riyadh,297030,2020-11-04 01:17:39.829,10,12,26,10,20,17,23,10,3,6,-3,0,-7,7,2020-12-10 00:00:00.000,36
219,riyadh,297030,2020-11-04 01:17:39.829,11,12,24,9,22,16,22,10,2,2,0,-1,-7,6,2020-12-11 00:00:00.000,37
220,riyadh,297030,2020-11-04 01:17:39.829,12,12,21,9,22,12,22,10,-1,-1,0,-1,-3,2,2020-12-12 00:00:00.000,38
221,riyadh,297030,2020-11-04 01:17:39.829,13,12,23,10,27,16,22,10,1,-4,5,0,-6,6,2020-12-13 00:00:00.000,39
222,riyadh,297030,2020-11-04 01:17:39.829,14,12,22,8,23,14,22,10,0,-1,1,-2,-6,4,2020-12-14 00:00:00.000,40
223,riyadh,297030,2020-11-04 01:17:39.829,15,12,22,8,22,14,21,10,1,0,1,-2,-6,4,2020-12-15 00:00:00.000,41
224,riyadh,297030,2020-11-04 01:17:39.829,16,12,21,8,22,15,21,9,0,-1,1,-1,-7,6,2020-12-16 00:00:00.000,42
225,riyadh,297030,2020-11-04 01:17:39.829,17,12,20,6,17,12,21,9,-1,3,-4,-3,-6,3,2020-12-17 00:00:00.000,43
226,riyadh,297030,2020-11-04 01:17:39.829,18,12,21,10,18,9,21,9,0,3,-3,1,1,0,2020-12-18 00:00:00.000,44
227,riyadh,297030,2020-11-04 01:17:39.829,19,12,20,11,17,9,21,9,-1,3,-4,2,2,0,2020-12-19 00:00:00.000,45
228,riyadh,297030,2020-11-04 01:17:39.829,20,12,20,10,18,7,21,9,-1,2,-3,1,3,-2,2020-12-20 00:00:00.000,46
229,riyadh,297030,2020-11-04 01:17:39.829,21,12,20,11,18,6,21,9,-1,2,-3,2,5,-3,2020-12-21 00:00:00.000,47
230,riyadh,297030,2020-11-04 01:17:39.829,22,12,20,12,19,6,21,9,-1,1,-2,3,6,-3,2020-12-22 00:00:00.000,48
231,riyadh,297030,2020-11-04 01:17:39.829,23,12,22,12,20,5,21,9,1,2,-1,3,7,-4,2020-12-23 00:00:00.000,49
232,riyadh,297030,2020-11-04 01:17:39.829,24,12,23,12,23,8,21,9,2,0,2,3,4,-1,2020-12-24 00:00:00.000,50
233,riyadh,297030,2020-11-04 01:17:39.829,25,12,23,13,22,10,21,9,2,1,1,4,3,1,2020-12-25 00:00:00.000,51
234,riyadh,297030,2020-11-04 01:17:39.829,26,12,24,12,24,11,21,9,3,0,3,3,1,2,2020-12-26 00:00:00.000,52
235,riyadh,297030,2020-11-04 01:17:39.829,27,12,20,11,26,11,21,9,-1,-6,5,2,0,2,2020-12-27 00:00:00.000,53
236,riyadh,297030,2020-11-04 01:17:39.829,28,12,18,11,24,12,21,9,-3,-6,3,2,-1,3,2020-12-28 00:00:00.000,54
237,riyadh,297030,2020-11-04 01:17:39.829,29,12,20,11,23,11,21,9,-1,-3,2,2,0,2,2020-12-29 00:00:00.000,55
238,riyadh,297030,2020-11-04 01:17:39.829,30,12,23,11,25,11,21,9,2,-2,4,2,0,2,2020-12-30 00:00:00.000,56
239,riyadh,297030,2020-11-04 01:17:39.829,31,12,19,11,26,13,21,9,-2,-7,5,2,-2,4,2020-12-31 00:00:00.000,57
240,riyadh,297030,2020-11-04 01:17:39.829,1,1,22,11,20,14,21,9,1,2,-1,2,-3,5,2021-01-01 00:00:00.000,58
241,riyadh,297030,2020-11-04 01:17:39.829,2,1,22,11,23,13,21,9,1,-1,2,2,-2,4,2021-01-02 00:00:00.000,59
242,riyadh,297030,2020-11-04 01:17:39.829,3,1,22,11,29,15,21,9,1,-7,8,2,-4,6,2021-01-03 00:00:00.000,60
243,riyadh,297030,2020-11-04 01:17:39.829,4,1,22,11,28,16,21,8,1,-6,7,3,-5,8,2021-01-04 00:00:00.000,61
244,riyadh,297030,2020-11-04 01:17:39.829,5,1,22,11,16,11,21,8,1,6,-5,3,0,3,2021-01-05 00:00:00.000,62
245,riyadh,297030,2020-11-04 01:17:39.829,6,1,22,10,16,6,21,8,1,6,-5,2,4,-2,2021-01-06 00:00:00.000,63
246,riyadh,297030,2020-11-04 01:17:39.829,7,1,22,10,18,8,21,8,1,4,-3,2,2,0,2021-01-07 00:00:00.000,64
247,riyadh,297030,2020-11-04 01:17:39.829,8,1,22,10,21,10,21,8,1,1,0,2,0,2,2021-01-08 00:00:00.000,65
248,riyadh,297030,2020-11-04 01:17:39.829,9,1,22,10,21,12,21,8,1,1,0,2,-2,4,2021-01-09 00:00:00.000,66
249,riyadh,297030,2020-11-04 01:17:39.829,10,1,21,10,20,9,21,8,0,1,-1,2,1,1,2021-01-10 00:00:00.000,67
250,riyadh,297030,2020-11-04 01:17:39.829,11,1,22,10,15,7,21,8,1,7,-6,2,3,-1,2021-01-11 00:00:00.000,68
251,riyadh,297030,2020-11-04 01:17:39.829,12,1,23,12,15,6,21,8,2,8,-6,4,6,-2,2021-01-12 00:00:00.000,69
252,riyadh,297030,2020-11-04 01:17:39.829,13,1,22,11,18,5,21,8,1,4,-3,3,6,-3,2021-01-13 00:00:00.000,70
253,riyadh,297030,2020-11-04 01:17:39.829,14,1,24,8,17,7,21,8,3,7,-4,0,1,-1,2021-01-14 00:00:00.000,71
254,riyadh,297030,2020-11-04 01:17:39.829,15,1,21,11,15,4,21,8,0,6,-6,3,7,-4,2021-01-15 00:00:00.000,72
255,riyadh,297030,2020-11-04 01:17:39.829,16,1,21,12,19,6,21,8,0,2,-2,4,6,-2,2021-01-16 00:00:00.000,73
256,riyadh,297030,2020-11-04 01:17:39.829,17,1,23,8,22,9,21,8,2,1,1,0,-1,1,2021-01-17 00:00:00.000,74
257,riyadh,297030,2020-11-04 01:17:39.829,18,1,22,8,24,11,21,8,1,-2,3,0,-3,3,2021-01-18 00:00:00.000,75
258,riyadh,297030,2020-11-04 01:17:39.829,19,1,19,10,22,12,21,8,-2,-3,1,2,-2,4,2021-01-19 00:00:00.000,76
259,riyadh,297030,2020-11-04 01:17:39.829,20,1,21,11,21,11,21,8,0,0,0,3,0,3,2021-01-20 00:00:00.000,77
260,riyadh,297030,2020-11-04 01:17:39.829,21,1,23,11,20,9,21,8,2,3,-1,3,2,1,2021-01-21 00:00:00.000,78
261,riyadh,297030,2020-11-04 01:17:39.829,22,1,23,11,22,13,22,8,1,1,0,3,-2,5,2021-01-22 00:00:00.000,79
262,riyadh,297030,2020-11-04 01:17:39.829,23,1,23,9,15,9,22,8,1,8,-7,1,0,1,2021-01-23 00:00:00.000,80
263,riyadh,297030,2020-11-04 01:17:39.829,24,1,19,7,16,5,22,8,-3,3,-6,-1,2,-3,2021-01-24 00:00:00.000,81
264,riyadh,297030,2020-11-04 01:17:39.829,25,1,19,10,17,8,22,8,-3,2,-5,2,2,0,2021-01-25 00:00:00.000,82
265,riyadh,297030,2020-11-04 01:17:39.829,26,1,20,11,14,5,22,8,-2,6,-8,3,6,-3,2021-01-26 00:00:00.000,83
266,riyadh,297030,2020-11-04 01:17:39.829,27,1,23,11,17,4,22,8,1,6,-5,3,7,-4,2021-01-27 00:00:00.000,84
267,riyadh,297030,2020-11-04 01:17:39.829,28,1,23,13,19,5,22,8,1,4,-3,5,8,-3,2021-01-28 00:00:00.000,85
268,riyadh,297030,2020-11-04 01:17:39.829,29,1,24,10,23,7,22,8,2,1,1,2,3,-1,2021-01-29 00:00:00.000,86
269,riyadh,297030,2020-11-04 01:17:39.829,30,1,23,9,21,9,22,8,1,2,-1,1,0,1,2021-01-30 00:00:00.000,87
270,riyadh,297030,2020-11-04 01:17:39.829,31,1,21,11,21,8,22,8,-1,0,-1,3,3,0,2021-01-31 00:00:00.000,88
271,riyadh,297030,2020-11-04 01:17:39.829,1,2,23,11,22,13,22,8,1,1,0,3,-2,5,2021-02-01 00:00:00.000,89
272,riyadh,297030,2020-11-04 01:17:39.829,2,2,24,11,20,8,22,8,2,4,-2,3,3,0,2021-02-02 00:00:00.000,90
273,medina,296807,2020-11-04 01:17:39.829,4,11,34,21,35,22,32,19,2,-1,3,2,-1,3,2020-11-04 00:00:00.000,0
274,medina,296807,2020-11-04 01:17:39.829,5,11,33,20,34,24,32,19,1,-1,2,1,-4,5,2020-11-05 00:00:00.000,1
275,medina,296807,2020-11-04 01:17:39.829,6,11,32,21,37,22,32,19,0,-5,5,2,-1,3,2020-11-06 00:00:00.000,2
276,medina,296807,2020-11-04 01:17:39.829,7,11,31,21,36,23,32,19,-1,-5,4,2,-2,4,2020-11-07 00:00:00.000,3
277,medina,296807,2020-11-04 01:17:39.829,8,11,31,22,35,23,31,18,0,-4,4,4,-1,5,2020-11-08 00:00:00.000,4
278,medina,296807,2020-11-04 01:17:39.829,9,11,31,21,35,21,31,18,0,-4,4,3,0,3,2020-11-09 00:00:00.000,5
279,medina,296807,2020-11-04 01:17:39.829,10,11,32,21,32,20,31,18,1,0,1,3,1,2,2020-11-10 00:00:00.000,6
280,medina,296807,2020-11-04 01:17:39.829,11,11,31,21,32,21,31,18,0,-1,1,3,0,3,2020-11-11 00:00:00.000,7
281,medina,296807,2020-11-04 01:17:39.829,12,11,32,22,33,22,30,18,2,-1,3,4,0,4,2020-11-12 00:00:00.000,8
282,medina,296807,2020-11-04 01:17:39.829,13,11,33,20,32,20,30,17,3,1,2,3,0,3,2020-11-13 00:00:00.000,9
283,medina,296807,2020-11-04 01:17:39.829,14,11,33,19,33,21,30,17,3,0,3,2,-2,4,2020-11-14 00:00:00.000,10
284,medina,296807,2020-11-04 01:17:39.829,15,11,32,18,31,20,30,17,2,1,1,1,-2,3,2020-11-15 00:00:00.000,11
285,medina,296807,2020-11-04 01:17:39.829,16,11,32,18,29,19,30,17,2,3,-1,1,-1,2,2020-11-16 00:00:00.000,12
286,medina,296807,2020-11-04 01:17:39.829,17,11,29,16,29,19,29,17,0,0,0,-1,-3,2,2020-11-17 00:00:00.000,13
287,medina,296807,2020-11-04 01:17:39.829,18,11,30,16,28,18,29,17,1,2,-1,-1,-2,1,2020-11-18 00:00:00.000,14
288,medina,296807,2020-11-04 01:17:39.829,19,11,30,15,26,17,29,16,1,4,-3,-1,-2,1,2020-11-19 00:00:00.000,15
289,medina,296807,2020-11-04 01:17:39.829,20,11,30,16,24,16,29,16,1,6,-5,0,0,0,2020-11-20 00:00:00.000,16
290,medina,296807,2020-11-04 01:17:39.829,21,11,31,16,23,14,29,16,2,8,-6,0,2,-2,2020-11-21 00:00:00.000,17
291,medina,296807,2020-11-04 01:17:39.829,22,11,30,17,28,15,28,16,2,2,0,1,2,-1,2020-11-22 00:00:00.000,18
292,medina,296807,2020-11-04 01:17:39.829,23,11,30,17,28,17,28,16,2,2,0,1,0,1,2020-11-23 00:00:00.000,19
293,medina,296807,2020-11-04 01:17:39.829,24,11,29,17,29,19,28,16,1,0,1,1,-2,3,2020-11-24 00:00:00.000,20
294,medina,296807,2020-11-04 01:17:39.829,25,11,26,14,29,17,28,16,-2,-3,1,-2,-3,1,2020-11-25 00:00:00.000,21
295,medina,296807,2020-11-04 01:17:39.829,26,11,25,14,29,18,28,15,-3,-4,1,-1,-4,3,2020-11-26 00:00:00.000,22
296,medina,296807,2020-11-04 01:17:39.829,27,11,26,14,30,20,28,15,-2,-4,2,-1,-6,5,2020-11-27 00:00:00.000,23
297,medina,296807,2020-11-04 01:17:39.829,28,11,28,15,30,20,27,15,1,-2,3,0,-5,5,2020-11-28 00:00:00.000,24
298,medina,296807,2020-11-04 01:17:39.829,29,11,28,16,31,19,27,15,1,-3,4,1,-3,4,2020-11-29 00:00:00.000,25
299,medina,296807,2020-11-04 01:17:39.829,30,11,27,15,32,19,27,15,0,-5,5,0,-4,4,2020-11-30 00:00:00.000,26
300,medina,296807,2020-11-04 01:17:39.829,1,12,25,13,30,23,27,15,-2,-5,3,-2,-10,8,2020-12-01 00:00:00.000,27
301,medina,296807,2020-11-04 01:17:39.829,2,12,26,15,29,18,27,15,-1,-3,2,0,-3,3,2020-12-02 00:00:00.000,28
302,medina,296807,2020-11-04 01:17:39.829,3,12,27,14,26,16,27,15,0,1,-1,-1,-2,1,2020-12-03 00:00:00.000,29
303,medina,296807,2020-11-04 01:17:39.829,4,12,26,13,29,16,26,14,0,-3,3,-1,-3,2,2020-12-04 00:00:00.000,30
304,medina,296807,2020-11-04 01:17:39.829,5,12,26,14,29,19,26,14,0,-3,3,0,-5,5,2020-12-05 00:00:00.000,31
305,medina,296807,2020-11-04 01:17:39.829,6,12,27,13,30,17,26,14,1,-3,4,-1,-4,3,2020-12-06 00:00:00.000,32
306,medina,296807,2020-11-04 01:17:39.829,7,12,27,14,27,15,26,14,1,0,1,0,-1,1,2020-12-07 00:00:00.000,33
307,medina,296807,2020-11-04 01:17:39.829,8,12,28,12,25,14,26,14,2,3,-1,-2,-2,0,2020-12-08 00:00:00.000,34
308,medina,296807,2020-11-04 01:17:39.829,9,12,28,12,28,12,26,14,2,0,2,-2,0,-2,2020-12-09 00:00:00.000,35
309,medina,296807,2020-11-04 01:17:39.829,10,12,28,13,28,16,26,14,2,0,2,-1,-3,2,2020-12-10 00:00:00.000,36
310,medina,296807,2020-11-04 01:17:39.829,11,12,25,13,29,15,25,14,0,-4,4,-1,-2,1,2020-12-11 00:00:00.000,37
311,medina,296807,2020-11-04 01:17:39.829,12,12,25,12,31,18,25,14,0,-6,6,-2,-6,4,2020-12-12 00:00:00.000,38
312,medina,296807,2020-11-04 01:17:39.829,13,12,26,12,27,15,25,14,1,-1,2,-2,-3,1,2020-12-13 00:00:00.000,39
313,medina,296807,2020-11-04 01:17:39.829,14,12,25,11,29,14,25,13,0,-4,4,-2,-3,1,2020-12-14 00:00:00.000,40
314,medina,296807,2020-11-04 01:17:39.829,15,12,25,11,28,13,25,13,0,-3,3,-2,-2,0,2020-12-15 00:00:00.000,41
315,medina,296807,2020-11-04 01:17:39.829,16,12,25,12,22,13,25,13,0,3,-3,-1,-1,0,2020-12-16 00:00:00.000,42
316,medina,296807,2020-11-04 01:17:39.829,17,12,24,10,22,12,25,13,-1,2,-3,-3,-2,-1,2020-12-17 00:00:00.000,43
317,medina,296807,2020-11-04 01:17:39.829,18,12,25,15,21,10,25,13,0,4,-4,2,5,-3,2020-12-18 00:00:00.000,44
318,medina,296807,2020-11-04 01:17:39.829,19,12,25,14,23,11,25,13,0,2,-2,1,3,-2,2020-12-19 00:00:00.000,45
319,medina,296807,2020-11-04 01:17:39.829,20,12,24,14,23,11,25,13,-1,1,-2,1,3,-2,2020-12-20 00:00:00.000,46
320,medina,296807,2020-11-04 01:17:39.829,21,12,24,14,24,15,25,13,-1,0,-1,1,-1,2,2020-12-21 00:00:00.000,47
321,medina,296807,2020-11-04 01:17:39.829,22,12,24,14,26,17,24,13,0,-2,2,1,-3,4,2020-12-22 00:00:00.000,48
322,medina,296807,2020-11-04 01:17:39.829,23,12,26,15,27,17,24,13,2,-1,3,2,-2,4,2020-12-23 00:00:00.000,49
323,medina,296807,2020-11-04 01:17:39.829,24,12,27,15,28,15,24,13,3,-1,4,2,0,2,2020-12-24 00:00:00.000,50
324,medina,296807,2020-11-04 01:17:39.829,25,12,27,15,27,14,24,13,3,0,3,2,1,1,2020-12-25 00:00:00.000,51
325,medina,296807,2020-11-04 01:17:39.829,26,12,26,14,24,12,24,13,2,2,0,1,2,-1,2020-12-26 00:00:00.000,52
326,medina,296807,2020-11-04 01:17:39.829,27,12,23,15,24,10,24,13,-1,-1,0,2,5,-3,2020-12-27 00:00:00.000,53
327,medina,296807,2020-11-04 01:17:39.829,28,12,23,14,25,10,24,13,-1,-2,1,1,4,-3,2020-12-28 00:00:00.000,54
328,medina,296807,2020-11-04 01:17:39.829,29,12,24,13,27,11,24,12,0,-3,3,1,2,-1,2020-12-29 00:00:00.000,55
329,medina,296807,2020-11-04 01:17:39.829,30,12,23,14,26,11,24,12,-1,-3,2,2,3,-1,2020-12-30 00:00:00.000,56
330,medina,296807,2020-11-04 01:17:39.829,31,12,24,15,27,15,24,12,0,-3,3,3,0,3,2020-12-31 00:00:00.000,57
331,medina,296807,2020-11-04 01:17:39.829,1,1,26,15,25,14,24,12,2,1,1,3,1,2,2021-01-01 00:00:00.000,58
332,medina,296807,2020-11-04 01:17:39.829,2,1,26,14,27,13,24,12,2,-1,3,2,1,1,2021-01-02 00:00:00.000,59
333,medina,296807,2020-11-04 01:17:39.829,3,1,26,14,27,16,24,12,2,-1,3,2,-2,4,2021-01-03 00:00:00.000,60
334,medina,296807,2020-11-04 01:17:39.829,4,1,26,15,21,14,24,12,2,5,-3,3,1,2,2021-01-04 00:00:00.000,61
335,medina,296807,2020-11-04 01:17:39.829,5,1,25,15,20,11,24,12,1,5,-4,3,4,-1,2021-01-05 00:00:00.000,62
336,medina,296807,2020-11-04 01:17:39.829,6,1,26,15,23,10,24,12,2,3,-1,3,5,-2,2021-01-06 00:00:00.000,63
337,medina,296807,2020-11-04 01:17:39.829,7,1,26,14,24,11,24,12,2,2,0,2,3,-1,2021-01-07 00:00:00.000,64
338,medina,296807,2020-11-04 01:17:39.829,8,1,26,13,22,9,24,12,2,4,-2,1,4,-3,2021-01-08 00:00:00.000,65
339,medina,296807,2020-11-04 01:17:39.829,9,1,25,13,19,9,24,12,1,6,-5,1,4,-3,2021-01-09 00:00:00.000,66
340,medina,296807,2020-11-04 01:17:39.829,10,1,25,13,17,11,24,12,1,8,-7,1,2,-1,2021-01-10 00:00:00.000,67
341,medina,296807,2020-11-04 01:17:39.829,11,1,26,13,17,8,24,12,2,9,-7,1,5,-4,2021-01-11 00:00:00.000,68
342,medina,296807,2020-11-04 01:17:39.829,12,1,27,14,18,6,24,12,3,9,-6,2,8,-6,2021-01-12 00:00:00.000,69
343,medina,296807,2020-11-04 01:17:39.829,13,1,26,13,22,6,24,12,2,4,-2,1,7,-6,2021-01-13 00:00:00.000,70
344,medina,296807,2020-11-04 01:17:39.829,14,1,25,14,22,10,24,12,1,3,-2,2,4,-2,2021-01-14 00:00:00.000,71
345,medina,296807,2020-11-04 01:17:39.829,15,1,24,14,23,11,24,12,0,1,-1,2,3,-1,2021-01-15 00:00:00.000,72
346,medina,296807,2020-11-04 01:17:39.829,16,1,26,10,27,11,24,11,2,-1,3,-1,-1,0,2021-01-16 00:00:00.000,73
347,medina,296807,2020-11-04 01:17:39.829,17,1,23,10,27,13,24,11,-1,-4,3,-1,-3,2,2021-01-17 00:00:00.000,74
348,medina,296807,2020-11-04 01:17:39.829,18,1,22,13,24,16,24,11,-2,-2,0,2,-3,5,2021-01-18 00:00:00.000,75
349,medina,296807,2020-11-04 01:17:39.829,19,1,25,14,22,12,24,11,1,3,-2,3,2,1,2021-01-19 00:00:00.000,76
350,medina,296807,2020-11-04 01:17:39.829,20,1,27,15,23,11,24,11,3,4,-1,4,4,0,2021-01-20 00:00:00.000,77
351,medina,296807,2020-11-04 01:17:39.829,21,1,27,14,23,8,24,11,3,4,-1,3,6,-3,2021-01-21 00:00:00.000,78
352,medina,296807,2020-11-04 01:17:39.829,22,1,27,14,20,10,24,11,3,7,-4,3,4,-1,2021-01-22 00:00:00.000,79
353,medina,296807,2020-11-04 01:17:39.829,23,1,27,14,17,8,24,11,3,10,-7,3,6,-3,2021-01-23 00:00:00.000,80
354,medina,296807,2020-11-04 01:17:39.829,24,1,24,13,21,6,24,11,0,3,-3,2,7,-5,2021-01-24 00:00:00.000,81
355,medina,296807,2020-11-04 01:17:39.829,25,1,23,13,19,9,24,11,-1,4,-5,2,4,-2,2021-01-25 00:00:00.000,82
356,medina,296807,2020-11-04 01:17:39.829,26,1,26,12,18,7,24,11,2,8,-6,1,5,-4,2021-01-26 00:00:00.000,83
357,medina,296807,2020-11-04 01:17:39.829,27,1,26,14,22,7,24,12,2,4,-2,2,7,-5,2021-01-27 00:00:00.000,84
358,medina,296807,2020-11-04 01:17:39.829,28,1,27,11,25,9,24,12,3,2,1,-1,2,-3,2021-01-28 00:00:00.000,85
359,medina,296807,2020-11-04 01:17:39.829,29,1,25,11,25,15,24,12,1,0,1,-1,-4,3,2021-01-29 00:00:00.000,86
360,medina,296807,2020-11-04 01:17:39.829,30,1,23,13,22,11,24,12,-1,1,-2,1,2,-1,2021-01-30 00:00:00.000,87
361,medina,296807,2020-11-04 01:17:39.829,31,1,23,15,27,13,24,12,-1,-4,3,3,2,1,2021-01-31 00:00:00.000,88
362,medina,296807,2020-11-04 01:17:39.829,1,2,26,14,25,14,24,12,2,1,1,2,0,2,2021-02-01 00:00:00.000,89
363,medina,296807,2020-11-04 01:17:39.829,2,2,27,11,25,12,24,12,3,2,1,-1,-1,0,2021-02-02 00:00:00.000,90
364,dammam,297095,2020-11-04 01:17:39.829,4,11,33,20,33,22,31,19,2,0,2,1,-2,3,2020-11-04 00:00:00.000,0
365,dammam,297095,2020-11-04 01:17:39.829,5,11,34,21,32,24,31,19,3,2,1,2,-3,5,2020-11-05 00:00:00.000,1
366,dammam,297095,2020-11-04 01:17:39.829,6,11,33,22,32,21,31,19,2,1,1,3,1,2,2020-11-06 00:00:00.000,2
367,dammam,297095,2020-11-04 01:17:39.829,7,11,33,23,32,21,31,19,2,1,1,4,2,2,2020-11-07 00:00:00.000,3
368,dammam,297095,2020-11-04 01:17:39.829,8,11,32,23,32,20,30,18,2,0,2,5,3,2,2020-11-08 00:00:00.000,4
369,dammam,297095,2020-11-04 01:17:39.829,9,11,30,20,31,23,30,18,0,-1,1,2,-3,5,2020-11-09 00:00:00.000,5
370,dammam,297095,2020-11-04 01:17:39.829,10,11,32,19,31,23,30,18,2,1,1,1,-4,5,2020-11-10 00:00:00.000,6
371,dammam,297095,2020-11-04 01:17:39.829,11,11,31,21,30,23,30,18,1,1,0,3,-2,5,2020-11-11 00:00:00.000,7
372,dammam,297095,2020-11-04 01:17:39.829,12,11,32,20,30,20,29,18,3,2,1,2,0,2,2020-11-12 00:00:00.000,8
373,dammam,297095,2020-11-04 01:17:39.829,13,11,33,21,30,19,29,17,4,3,1,4,2,2,2020-11-13 00:00:00.000,9
374,dammam,297095,2020-11-04 01:17:39.829,14,11,32,20,30,18,29,17,3,2,1,3,2,1,2020-11-14 00:00:00.000,10
375,dammam,297095,2020-11-04 01:17:39.829,15,11,32,21,29,16,29,17,3,3,0,4,5,-1,2020-11-15 00:00:00.000,11
376,dammam,297095,2020-11-04 01:17:39.829,16,11,32,20,29,20,28,17,4,3,1,3,0,3,2020-11-16 00:00:00.000,12
377,dammam,297095,2020-11-04 01:17:39.829,17,11,30,19,29,20,28,17,2,1,1,2,-1,3,2020-11-17 00:00:00.000,13
378,dammam,297095,2020-11-04 01:17:39.829,18,11,30,20,26,21,28,17,2,4,-2,3,-1,4,2020-11-18 00:00:00.000,14
379,dammam,297095,2020-11-04 01:17:39.829,19,11,30,20,23,18,28,16,2,7,-5,4,2,2,2020-11-19 00:00:00.000,15
380,dammam,297095,2020-11-04 01:17:39.829,20,11,29,19,22,13,28,16,1,7,-6,3,6,-3,2020-11-20 00:00:00.000,16
381,dammam,297095,2020-11-04 01:17:39.829,21,11,26,18,23,11,27,16,-1,3,-4,2,7,-5,2020-11-21 00:00:00.000,17
382,dammam,297095,2020-11-04 01:17:39.829,22,11,27,18,24,13,27,16,0,3,-3,2,5,-3,2020-11-22 00:00:00.000,18
383,dammam,297095,2020-11-04 01:17:39.829,23,11,28,18,25,16,27,16,1,3,-2,2,2,0,2020-11-23 00:00:00.000,19
384,dammam,297095,2020-11-04 01:17:39.829,24,11,28,18,26,17,27,15,1,2,-1,3,1,2,2020-11-24 00:00:00.000,20
385,dammam,297095,2020-11-04 01:17:39.829,25,11,28,19,26,19,26,15,2,2,0,4,0,4,2020-11-25 00:00:00.000,21
386,dammam,297095,2020-11-04 01:17:39.829,26,11,28,19,28,18,26,15,2,0,2,4,1,3,2020-11-26 00:00:00.000,22
387,dammam,297095,2020-11-04 01:17:39.829,27,11,28,18,28,17,26,15,2,0,2,3,1,2,2020-11-27 00:00:00.000,23
388,dammam,297095,2020-11-04 01:17:39.829,28,11,27,18,28,17,26,15,1,-1,2,3,1,2,2020-11-28 00:00:00.000,24
389,dammam,297095,2020-11-04 01:17:39.829,29,11,27,18,29,19,26,15,1,-2,3,3,-1,4,2020-11-29 00:00:00.000,25
390,dammam,297095,2020-11-04 01:17:39.829,30,11,26,17,30,18,25,14,1,-4,5,3,-1,4,2020-11-30 00:00:00.000,26
391,dammam,297095,2020-11-04 01:17:39.829,1,12,27,17,28,17,25,14,2,-1,3,3,0,3,2020-12-01 00:00:00.000,27
392,dammam,297095,2020-11-04 01:17:39.829,2,12,26,17,32,16,25,14,1,-6,7,3,1,2,2020-12-02 00:00:00.000,28
393,dammam,297095,2020-11-04 01:17:39.829,3,12,24,14,27,18,25,14,-1,-3,2,0,-4,4,2020-12-03 00:00:00.000,29
394,dammam,297095,2020-11-04 01:17:39.829,4,12,23,13,24,15,25,14,-2,-1,-1,-1,-2,1,2020-12-04 00:00:00.000,30
395,dammam,297095,2020-11-04 01:17:39.829,5,12,24,14,25,14,24,14,0,-1,1,0,0,0,2020-12-05 00:00:00.000,31
396,dammam,297095,2020-11-04 01:17:39.829,6,12,24,13,26,15,24,13,0,-2,2,0,-2,2,2020-12-06 00:00:00.000,32
397,dammam,297095,2020-11-04 01:17:39.829,7,12,25,13,26,16,24,13,1,-1,2,0,-3,3,2020-12-07 00:00:00.000,33
398,dammam,297095,2020-11-04 01:17:39.829,8,12,24,12,28,12,24,13,0,-4,4,-1,0,-1,2020-12-08 00:00:00.000,34
399,dammam,297095,2020-11-04 01:17:39.829,9,12,25,14,23,18,24,13,1,2,-1,1,-4,5,2020-12-09 00:00:00.000,35
400,dammam,297095,2020-11-04 01:17:39.829,10,12,26,14,28,20,24,13,2,-2,4,1,-6,7,2020-12-10 00:00:00.000,36
401,dammam,297095,2020-11-04 01:17:39.829,11,12,24,12,24,17,23,13,1,0,1,-1,-5,4,2020-12-11 00:00:00.000,37
402,dammam,297095,2020-11-04 01:17:39.829,12,12,23,13,25,15,23,13,0,-2,2,0,-2,2,2020-12-12 00:00:00.000,38
403,dammam,297095,2020-11-04 01:17:39.829,13,12,23,12,22,17,23,13,0,1,-1,-1,-5,4,2020-12-13 00:00:00.000,39
404,dammam,297095,2020-11-04 01:17:39.829,14,12,22,11,24,15,23,12,-1,-2,1,-1,-4,3,2020-12-14 00:00:00.000,40
405,dammam,297095,2020-11-04 01:17:39.829,15,12,22,11,23,18,23,12,-1,-1,0,-1,-7,6,2020-12-15 00:00:00.000,41
406,dammam,297095,2020-11-04 01:17:39.829,16,12,21,11,23,20,23,12,-2,-2,0,-1,-9,8,2020-12-16 00:00:00.000,42
407,dammam,297095,2020-11-04 01:17:39.829,17,12,21,12,22,16,23,12,-2,-1,-1,0,-4,4,2020-12-17 00:00:00.000,43
408,dammam,297095,2020-11-04 01:17:39.829,18,12,21,14,20,14,22,12,-1,1,-2,2,0,2,2020-12-18 00:00:00.000,44
409,dammam,297095,2020-11-04 01:17:39.829,19,12,22,14,20,12,22,12,0,2,-2,2,2,0,2020-12-19 00:00:00.000,45
410,dammam,297095,2020-11-04 01:17:39.829,20,12,22,13,23,12,22,12,0,-1,1,1,1,0,2020-12-20 00:00:00.000,46
411,dammam,297095,2020-11-04 01:17:39.829,21,12,22,13,22,11,22,12,0,0,0,1,2,-1,2020-12-21 00:00:00.000,47
412,dammam,297095,2020-11-04 01:17:39.829,22,12,22,14,22,13,22,12,0,0,0,2,1,1,2020-12-22 00:00:00.000,48
413,dammam,297095,2020-11-04 01:17:39.829,23,12,22,15,21,13,22,11,0,1,-1,4,2,2,2020-12-23 00:00:00.000,49
414,dammam,297095,2020-11-04 01:17:39.829,24,12,24,15,23,11,22,11,2,1,1,4,4,0,2020-12-24 00:00:00.000,50
415,dammam,297095,2020-11-04 01:17:39.829,25,12,22,15,22,12,22,11,0,0,0,4,3,1,2020-12-25 00:00:00.000,51
416,dammam,297095,2020-11-04 01:17:39.829,26,12,24,12,23,14,22,11,2,1,1,1,-2,3,2020-12-26 00:00:00.000,52
417,dammam,297095,2020-11-04 01:17:39.829,27,12,24,13,24,15,22,11,2,0,2,2,-2,4,2020-12-27 00:00:00.000,53
418,dammam,297095,2020-11-04 01:17:39.829,28,12,19,14,25,14,21,11,-2,-6,4,3,0,3,2020-12-28 00:00:00.000,54
419,dammam,297095,2020-11-04 01:17:39.829,29,12,20,14,25,14,21,11,-1,-5,4,3,0,3,2020-12-29 00:00:00.000,55
420,dammam,297095,2020-11-04 01:17:39.829,30,12,24,13,27,14,21,11,3,-3,6,2,-1,3,2020-12-30 00:00:00.000,56
421,dammam,297095,2020-11-04 01:17:39.829,31,12,22,13,26,13,21,11,1,-4,5,2,0,2,2020-12-31 00:00:00.000,57
422,dammam,297095,2020-11-04 01:17:39.829,1,1,22,13,23,15,22,11,0,-1,1,2,-2,4,2021-01-01 00:00:00.000,58
423,dammam,297095,2020-11-04 01:17:39.829,2,1,23,13,23,15,21,11,2,0,2,2,-2,4,2021-01-02 00:00:00.000,59
424,dammam,297095,2020-11-04 01:17:39.829,3,1,22,12,24,18,21,11,1,-2,3,1,-6,7,2021-01-03 00:00:00.000,60
425,dammam,297095,2020-11-04 01:17:39.829,4,1,22,13,29,20,21,11,1,-7,8,2,-7,9,2021-01-04 00:00:00.000,61
426,dammam,297095,2020-11-04 01:17:39.829,5,1,22,13,21,14,21,11,1,1,0,2,-1,3,2021-01-05 00:00:00.000,62
427,dammam,297095,2020-11-04 01:17:39.829,6,1,23,13,21,14,21,10,2,2,0,3,-1,4,2021-01-06 00:00:00.000,63
428,dammam,297095,2020-11-04 01:17:39.829,7,1,23,13,22,12,21,10,2,1,1,3,1,2,2021-01-07 00:00:00.000,64
429,dammam,297095,2020-11-04 01:17:39.829,8,1,23,13,21,12,21,10,2,2,0,3,1,2,2021-01-08 00:00:00.000,65
430,dammam,297095,2020-11-04 01:17:39.829,9,1,23,11,20,15,21,10,2,3,-1,1,-4,5,2021-01-09 00:00:00.000,66
431,dammam,297095,2020-11-04 01:17:39.829,10,1,21,12,22,15,21,10,0,-1,1,2,-3,5,2021-01-10 00:00:00.000,67
432,dammam,297095,2020-11-04 01:17:39.829,11,1,20,12,18,11,21,10,-1,2,-3,2,1,1,2021-01-11 00:00:00.000,68
433,dammam,297095,2020-11-04 01:17:39.829,12,1,23,13,18,10,20,10,3,5,-2,3,3,0,2021-01-12 00:00:00.000,69
434,dammam,297095,2020-11-04 01:17:39.829,13,1,22,12,19,9,20,10,2,3,-1,2,3,-1,2021-01-13 00:00:00.000,70
435,dammam,297095,2020-11-04 01:17:39.829,14,1,24,8,20,9,20,10,4,4,0,-2,-1,-1,2021-01-14 00:00:00.000,71
436,dammam,297095,2020-11-04 01:17:39.829,15,1,23,10,20,10,20,10,3,3,0,0,0,0,2021-01-15 00:00:00.000,72
437,dammam,297095,2020-11-04 01:17:39.829,16,1,19,14,22,9,20,10,-1,-3,2,4,5,-1,2021-01-16 00:00:00.000,73
438,dammam,297095,2020-11-04 01:17:39.829,17,1,23,11,21,11,20,10,3,2,1,1,0,1,2021-01-17 00:00:00.000,74
439,dammam,297095,2020-11-04 01:17:39.829,18,1,24,11,22,15,20,10,4,2,2,1,-4,5,2021-01-18 00:00:00.000,75
440,dammam,297095,2020-11-04 01:17:39.829,19,1,20,11,23,16,20,10,0,-3,3,1,-5,6,2021-01-19 00:00:00.000,76
441,dammam,297095,2020-11-04 01:17:39.829,20,1,20,11,23,14,20,10,0,-3,3,1,-3,4,2021-01-20 00:00:00.000,77
442,dammam,297095,2020-11-04 01:17:39.829,21,1,22,13,22,12,20,10,2,0,2,3,1,2,2021-01-21 00:00:00.000,78
443,dammam,297095,2020-11-04 01:17:39.829,22,1,23,13,22,14,20,10,3,1,2,3,-1,4,2021-01-22 00:00:00.000,79
444,dammam,297095,2020-11-04 01:17:39.829,23,1,23,11,18,10,20,10,3,5,-2,1,1,0,2021-01-23 00:00:00.000,80
445,dammam,297095,2020-11-04 01:17:39.829,24,1,21,11,18,8,20,10,1,3,-2,1,3,-2,2021-01-24 00:00:00.000,81
446,dammam,297095,2020-11-04 01:17:39.829,25,1,20,11,19,9,20,10,0,1,-1,1,2,-1,2021-01-25 00:00:00.000,82
447,dammam,297095,2020-11-04 01:17:39.829,26,1,20,13,17,9,20,10,0,3,-3,3,4,-1,2021-01-26 00:00:00.000,83
448,dammam,297095,2020-11-04 01:17:39.829,27,1,22,12,18,10,20,10,2,4,-2,2,2,0,2021-01-27 00:00:00.000,84
449,dammam,297095,2020-11-04 01:17:39.829,28,1,22,14,20,8,21,10,1,2,-1,4,6,-2,2021-01-28 00:00:00.000,85
450,dammam,297095,2020-11-04 01:17:39.829,29,1,23,13,20,9,21,10,2,3,-1,3,4,-1,2021-01-29 00:00:00.000,86
451,dammam,297095,2020-11-04 01:17:39.829,30,1,23,10,23,11,21,10,2,0,2,0,-1,1,2021-01-30 00:00:00.000,87
452,dammam,297095,2020-11-04 01:17:39.829,31,1,22,13,22,9,21,10,1,0,1,3,4,-1,2021-01-31 00:00:00.000,88
453,dammam,297095,2020-11-04 01:17:39.829,1,2,23,14,21,13,21,10,2,2,0,4,1,3,2021-02-01 00:00:00.000,89
454,dammam,297095,2020-11-04 01:17:39.829,2,2,23,13,21,11,21,10,2,2,0,3,2,1,2021-02-02 00:00:00.000,90
455,jizan,298359,2020-11-04 01:17:39.829,4,11,34,26,35,25,35,25,-1,-1,0,1,1,0,2020-11-04 00:00:00.000,0
456,jizan,298359,2020-11-04 01:17:39.829,5,11,33,26,35,26,35,25,-2,-2,0,1,0,1,2020-11-05 00:00:00.000,1
457,jizan,298359,2020-11-04 01:17:39.829,6,11,34,26,35,26,35,24,-1,-1,0,2,0,2,2020-11-06 00:00:00.000,2
458,jizan,298359,2020-11-04 01:17:39.829,7,11,34,26,34,25,35,24,-1,0,-1,2,1,1,2020-11-07 00:00:00.000,3
459,jizan,298359,2020-11-04 01:17:39.829,8,11,34,26,34,26,35,24,-1,0,-1,2,0,2,2020-11-08 00:00:00.000,4
460,jizan,298359,2020-11-04 01:17:39.829,9,11,34,26,34,26,35,24,-1,0,-1,2,0,2,2020-11-09 00:00:00.000,5
461,jizan,298359,2020-11-04 01:17:39.829,10,11,34,26,34,25,35,24,-1,0,-1,2,1,1,2020-11-10 00:00:00.000,6
462,jizan,298359,2020-11-04 01:17:39.829,11,11,35,25,34,25,35,24,0,1,-1,1,0,1,2020-11-11 00:00:00.000,7
463,jizan,298359,2020-11-04 01:17:39.829,12,11,34,26,34,26,35,24,-1,0,-1,2,0,2,2020-11-12 00:00:00.000,8
464,jizan,298359,2020-11-04 01:17:39.829,13,11,34,25,34,26,35,24,-1,0,-1,1,-1,2,2020-11-13 00:00:00.000,9
465,jizan,298359,2020-11-04 01:17:39.829,14,11,34,25,34,26,34,24,0,0,0,1,-1,2,2020-11-14 00:00:00.000,10
466,jizan,298359,2020-11-04 01:17:39.829,15,11,34,26,34,25,34,24,0,0,0,2,1,1,2020-11-15 00:00:00.000,11
467,jizan,298359,2020-11-04 01:17:39.829,16,11,33,25,33,25,34,24,-1,0,-1,1,0,1,2020-11-16 00:00:00.000,12
468,jizan,298359,2020-11-04 01:17:39.829,17,11,33,26,34,24,34,24,-1,-1,0,2,2,0,2020-11-17 00:00:00.000,13
469,jizan,298359,2020-11-04 01:17:39.829,18,11,33,26,33,25,34,24,-1,0,-1,2,1,1,2020-11-18 00:00:00.000,14
470,jizan,298359,2020-11-04 01:17:39.829,19,11,32,26,34,25,34,24,-2,-2,0,2,1,1,2020-11-19 00:00:00.000,15
471,jizan,298359,2020-11-04 01:17:39.829,20,11,33,26,35,24,34,24,-1,-2,1,2,2,0,2020-11-20 00:00:00.000,16
472,jizan,298359,2020-11-04 01:17:39.829,21,11,32,24,34,26,34,23,-2,-2,0,1,-2,3,2020-11-21 00:00:00.000,17
473,jizan,298359,2020-11-04 01:17:39.829,22,11,32,24,34,24,34,23,-2,-2,0,1,0,1,2020-11-22 00:00:00.000,18
474,jizan,298359,2020-11-04 01:17:39.829,23,11,32,25,34,25,34,23,-2,-2,0,2,0,2,2020-11-23 00:00:00.000,19
475,jizan,298359,2020-11-04 01:17:39.829,24,11,32,26,33,23,34,23,-2,-1,-1,3,3,0,2020-11-24 00:00:00.000,20
476,jizan,298359,2020-11-04 01:17:39.829,25,11,33,26,32,25,34,23,-1,1,-2,3,1,2,2020-11-25 00:00:00.000,21
477,jizan,298359,2020-11-04 01:17:39.829,26,11,32,25,33,24,33,23,-1,-1,0,2,1,1,2020-11-26 00:00:00.000,22
478,jizan,298359,2020-11-04 01:17:39.829,27,11,32,26,33,23,33,23,-1,-1,0,3,3,0,2020-11-27 00:00:00.000,23
479,jizan,298359,2020-11-04 01:17:39.829,28,11,31,26,33,24,33,23,-2,-2,0,3,2,1,2020-11-28 00:00:00.000,24
480,jizan,298359,2020-11-04 01:17:39.829,29,11,31,24,30,22,33,23,-2,1,-3,1,2,-1,2020-11-29 00:00:00.000,25
481,jizan,298359,2020-11-04 01:17:39.829,30,11,31,24,32,24,33,23,-2,-1,-1,1,0,1,2020-11-30 00:00:00.000,26
482,jizan,298359,2020-11-04 01:17:39.829,1,12,32,25,32,22,33,23,-1,0,-1,2,3,-1,2020-12-01 00:00:00.000,27
483,jizan,298359,2020-11-04 01:17:39.829,2,12,32,25,32,23,33,23,-1,0,-1,2,2,0,2020-12-02 00:00:00.000,28
484,jizan,298359,2020-11-04 01:17:39.829,3,12,32,24,32,23,33,23,-1,0,-1,1,1,0,2020-12-03 00:00:00.000,29
485,jizan,298359,2020-11-04 01:17:39.829,4,12,32,23,32,24,33,23,-1,0,-1,0,-1,1,2020-12-04 00:00:00.000,30
486,jizan,298359,2020-11-04 01:17:39.829,5,12,32,23,32,25,33,23,-1,0,-1,0,-2,2,2020-12-05 00:00:00.000,31
487,jizan,298359,2020-11-04 01:17:39.829,6,12,32,23,32,24,33,23,-1,0,-1,0,-1,1,2020-12-06 00:00:00.000,32
488,jizan,298359,2020-11-04 01:17:39.829,7,12,32,23,33,24,33,23,-1,-1,0,0,-1,1,2020-12-07 00:00:00.000,33
489,jizan,298359,2020-11-04 01:17:39.829,8,12,32,23,32,24,33,23,-1,0,-1,0,-1,1,2020-12-08 00:00:00.000,34
490,jizan,298359,2020-11-04 01:17:39.829,9,12,32,23,33,25,33,23,-1,-1,0,0,-2,2,2020-12-09 00:00:00.000,35
491,jizan,298359,2020-11-04 01:17:39.829,10,12,31,23,33,26,33,22,-2,-2,0,1,-3,4,2020-12-10 00:00:00.000,36
492,jizan,298359,2020-11-04 01:17:39.829,11,12,31,24,33,25,33,22,-2,-2,0,2,-1,3,2020-12-11 00:00:00.000,37
493,jizan,298359,2020-11-04 01:17:39.829,12,12,32,23,33,26,32,22,0,-1,1,1,-3,4,2020-12-12 00:00:00.000,38
494,jizan,298359,2020-11-04 01:17:39.829,13,12,32,23,33,25,32,22,0,-1,1,1,-2,3,2020-12-13 00:00:00.000,39
495,jizan,298359,2020-11-04 01:17:39.829,14,12,31,23,32,25,32,22,-1,-1,0,1,-2,3,2020-12-14 00:00:00.000,40
496,jizan,298359,2020-11-04 01:17:39.829,15,12,32,24,33,25,32,22,0,-1,1,2,-1,3,2020-12-15 00:00:00.000,41
497,jizan,298359,2020-11-04 01:17:39.829,16,12,31,23,32,24,32,22,-1,-1,0,1,-1,2,2020-12-16 00:00:00.000,42
498,jizan,298359,2020-11-04 01:17:39.829,17,12,31,22,32,24,32,22,-1,-1,0,0,-2,2,2020-12-17 00:00:00.000,43
499,jizan,298359,2020-11-04 01:17:39.829,18,12,31,24,32,25,32,22,-1,-1,0,2,-1,3,2020-12-18 00:00:00.000,44
500,jizan,298359,2020-11-04 01:17:39.829,19,12,31,24,31,25,32,22,-1,0,-1,2,-1,3,2020-12-19 00:00:00.000,45
501,jizan,298359,2020-11-04 01:17:39.829,20,12,30,25,32,24,32,22,-2,-2,0,3,1,2,2020-12-20 00:00:00.000,46
502,jizan,298359,2020-11-04 01:17:39.829,21,12,30,24,32,23,32,22,-2,-2,0,2,1,1,2020-12-21 00:00:00.000,47
503,jizan,298359,2020-11-04 01:17:39.829,22,12,31,25,32,23,32,22,-1,-1,0,3,2,1,2020-12-22 00:00:00.000,48
504,jizan,298359,2020-11-04 01:17:39.829,23,12,30,25,31,23,32,22,-2,-1,-1,3,2,1,2020-12-23 00:00:00.000,49
505,jizan,298359,2020-11-04 01:17:39.829,24,12,31,24,31,24,32,22,-1,0,-1,2,0,2,2020-12-24 00:00:00.000,50
506,jizan,298359,2020-11-04 01:17:39.829,25,12,31,25,31,24,32,22,-1,0,-1,3,1,2,2020-12-25 00:00:00.000,51
507,jizan,298359,2020-11-04 01:17:39.829,26,12,32,24,31,22,32,22,0,1,-1,2,2,0,2020-12-26 00:00:00.000,52
508,jizan,298359,2020-11-04 01:17:39.829,27,12,32,25,32,23,32,22,0,0,0,3,2,1,2020-12-27 00:00:00.000,53
509,jizan,298359,2020-11-04 01:17:39.829,28,12,32,24,32,22,32,22,0,0,0,2,2,0,2020-12-28 00:00:00.000,54
510,jizan,298359,2020-11-04 01:17:39.829,29,12,32,24,32,21,32,22,0,0,0,2,3,-1,2020-12-29 00:00:00.000,55
511,jizan,298359,2020-11-04 01:17:39.829,30,12,32,25,32,22,32,22,0,0,0,3,3,0,2020-12-30 00:00:00.000,56
512,jizan,298359,2020-11-04 01:17:39.829,31,12,32,25,32,23,32,22,0,0,0,3,2,1,2020-12-31 00:00:00.000,57
513,jizan,298359,2020-11-04 01:17:39.829,1,1,31,24,33,23,31,22,0,-2,2,2,1,1,2021-01-01 00:00:00.000,58
514,jizan,298359,2020-11-04 01:17:39.829,2,1,32,24,33,24,31,22,1,-1,2,2,0,2,2021-01-02 00:00:00.000,59
515,jizan,298359,2020-11-04 01:17:39.829,3,1,31,23,33,25,31,22,0,-2,2,1,-2,3,2021-01-03 00:00:00.000,60
516,jizan,298359,2020-11-04 01:17:39.829,4,1,31,24,32,26,31,21,0,-1,1,3,-2,5,2021-01-04 00:00:00.000,61
517,jizan,298359,2020-11-04 01:17:39.829,5,1,31,24,32,25,31,21,0,-1,1,3,-1,4,2021-01-05 00:00:00.000,62
518,jizan,298359,2020-11-04 01:17:39.829,6,1,31,24,32,23,31,21,0,-1,1,3,1,2,2021-01-06 00:00:00.000,63
519,jizan,298359,2020-11-04 01:17:39.829,7,1,31,23,32,23,31,21,0,-1,1,2,0,2,2021-01-07 00:00:00.000,64
520,jizan,298359,2020-11-04 01:17:39.829,8,1,31,23,32,24,31,21,0,-1,1,2,-1,3,2021-01-08 00:00:00.000,65
521,jizan,298359,2020-11-04 01:17:39.829,9,1,31,23,32,24,31,21,0,-1,1,2,-1,3,2021-01-09 00:00:00.000,66
522,jizan,298359,2020-11-04 01:17:39.829,10,1,30,23,31,25,31,21,-1,-1,0,2,-2,4,2021-01-10 00:00:00.000,67
523,jizan,298359,2020-11-04 01:17:39.829,11,1,31,23,30,20,31,21,0,1,-1,2,3,-1,2021-01-11 00:00:00.000,68
524,jizan,298359,2020-11-04 01:17:39.829,12,1,31,23,28,16,31,21,0,3,-3,2,7,-5,2021-01-12 00:00:00.000,69
525,jizan,298359,2020-11-04 01:17:39.829,13,1,31,23,31,19,31,21,0,0,0,2,4,-2,2021-01-13 00:00:00.000,70
526,jizan,298359,2020-11-04 01:17:39.829,14,1,31,24,31,21,30,21,1,0,1,3,3,0,2021-01-14 00:00:00.000,71
527,jizan,298359,2020-11-04 01:17:39.829,15,1,31,24,32,21,30,21,1,-1,2,3,3,0,2021-01-15 00:00:00.000,72
528,jizan,298359,2020-11-04 01:17:39.829,16,1,32,24,31,20,30,21,2,1,1,3,4,-1,2021-01-16 00:00:00.000,73
529,jizan,298359,2020-11-04 01:17:39.829,17,1,32,24,30,21,30,21,2,2,0,3,3,0,2021-01-17 00:00:00.000,74
530,jizan,298359,2020-11-04 01:17:39.829,18,1,31,23,30,21,30,21,1,1,0,2,2,0,2021-01-18 00:00:00.000,75
531,jizan,298359,2020-11-04 01:17:39.829,19,1,31,23,31,20,30,21,1,0,1,2,3,-1,2021-01-19 00:00:00.000,76
532,jizan,298359,2020-11-04 01:17:39.829,20,1,31,23,31,23,30,21,1,0,1,2,0,2,2021-01-20 00:00:00.000,77
533,jizan,298359,2020-11-04 01:17:39.829,21,1,31,23,29,22,30,21,1,2,-1,2,1,1,2021-01-21 00:00:00.000,78
534,jizan,298359,2020-11-04 01:17:39.829,22,1,31,23,30,22,30,21,1,1,0,2,1,1,2021-01-22 00:00:00.000,79
535,jizan,298359,2020-11-04 01:17:39.829,23,1,31,23,28,24,30,21,1,3,-2,2,-1,3,2021-01-23 00:00:00.000,80
536,jizan,298359,2020-11-04 01:17:39.829,24,1,31,23,28,22,30,21,1,3,-2,2,1,1,2021-01-24 00:00:00.000,81
537,jizan,298359,2020-11-04 01:17:39.829,25,1,30,23,29,21,30,21,0,1,-1,2,2,0,2021-01-25 00:00:00.000,82
538,jizan,298359,2020-11-04 01:17:39.829,26,1,29,23,30,20,30,21,-1,-1,0,2,3,-1,2021-01-26 00:00:00.000,83
539,jizan,298359,2020-11-04 01:17:39.829,27,1,31,24,31,21,30,21,1,0,1,3,3,0,2021-01-27 00:00:00.000,84
540,jizan,298359,2020-11-04 01:17:39.829,28,1,31,23,32,21,30,21,1,-1,2,2,2,0,2021-01-28 00:00:00.000,85
541,jizan,298359,2020-11-04 01:17:39.829,29,1,31,22,30,23,30,21,1,1,0,1,-1,2,2021-01-29 00:00:00.000,86
542,jizan,298359,2020-11-04 01:17:39.829,30,1,31,23,30,22,30,21,1,1,0,2,1,1,2021-01-30 00:00:00.000,87
543,jizan,298359,2020-11-04 01:17:39.829,31,1,31,24,30,24,30,21,1,1,0,3,0,3,2021-01-31 00:00:00.000,88
544,jizan,298359,2020-11-04 01:17:39.829,1,2,31,23,31,24,30,21,1,0,1,2,-1,3,2021-02-01 00:00:00.000,89
545,jizan,298359,2020-11-04 01:17:39.829,2,2,31,24,31,23,31,22,0,0,0,2,1,1,2021-02-02 00:00:00.000,90
